77,4 6,3 4,1 44 0,2
18,7 41,6 31,8 9,6 43 
24,5 3,3 10 15,4 71,4 
0,9 67,3 13,6 50 -7,1 
21,7 41,6 40,5 49,8 43,7 
56,4 6,2 63,6 39,7 -30,2 
61,7 1,5 56,6 9,4 -42,3 
14,8 14,3 57,7 6,9 -31,8 
19,5 2,8 44,3 46,8 -56,5 
8,9 34,1 67 34,4 49,4 
37,5 67,9 17,7 42,9 -36,6 
11 37,1 15,9 79,7 12,8 
18,8 36,7 2,9 71,4 -1,6 
43,8 59 20,4 0,9 -55,2 
36,2 36,8 32,9 68,8 -29,4 
41,8 20,3 1,2 46,1 -24,1 
34,2 14,7 25,5 74,1 34,8 
10 65 37,3 13,1 29,2 
76,8 24,9 4,4 37,5 31,6 
12,5 8,4 20,8 60,1 -4,8
61,9 1,6 0,2 5,3 12,9 
43,4 1,8 11,8 19,8 39
21,5 3,7 68,3 42,2 -49,7 
17,4 58,8 32,1 50,7 -24,7 
6 49,7 52,3 14,6 -58,3 
28,3 0,2 8,1 68,2 8,1 
29,7 1,6 43,5 23,5 70 
68,8 11,9 36,6 5,3 -7,9 
6 32,9 90,7 19,7 -14,2 
43,5 29,5 24,9 69,5 -18,1 
5,9 43,1 23,7 36,6 27,7 
31,3 31,2 44,9 18,9 22,1 
23 4 58,8 26,7 63,5 
13,6 76,6 2,9 9,5 0,7 
16,1 29,6 58,7 24,4 -56,9 
34,6 39,2 2,3 35,5 -56 
57,2 12,1 3,4 49,1 30,5 
14,7 5,1 19 28,5 -63,3 
17,6 12,4 62 17,4 57,1 
10,8 50,9 66 4,6 52,3 
27,8 18,6 55,9 45,1 43,3 
13,7 52,2 2,6 33,8 -56,5 
34,8 6,1 1,8 50,3 -31,1 
24,2 23,2 6,3 6,4 79,4 
43,2 7,2 46,2 35,2 15 
19 47,7 40,2 47,1 -47,7 
66,7 15,8 13,2 38,4 -58,7 
0,1 69 30,6 41,5 -17,8 
57,9 55,7 43,3 6 0,4 
40,1 54,2 3,9 30,8 7,1 
153,1 6,2 25,1 45,2 56,6 
167,4 67,6 19,5 43,2 8,9 
250,2 60,8 50,1 27 25,1 
135,5 9,5 41,9 0,6 58,5 
229,6 25,4 65,4 25,5 4,2 
118 28 4,3 21,4 -1,4 
200,9 59,7 24 33 -8,2 
199,9 64,7 29,2 43,7 9,8 
224,8 39 1,9 62,6 18,6 
232,5 13,1 30,6 47,5 -44,5 
201,9 26 15,9 28,6 18,2 
137,9 7,2 15,5 42,1 18,3 
189,7 85,7 11,8 22,7 -11,6 
172,9 14,1 0,5 19,3 -33,8 
195,1 23,7 1,7 86,5 7,7 
222 79,6 30,1 11,5 20,7 
176,2 81,5 43,6 4,3 -27,7 
204,4 17,2 84,1 1,8 0,2 
213,6 34 20,3 86 -1,3 
260,1 34,3 32,9 5,9 -34 
191,8 23,3 18 55 -3,8 
178,7 57,2 41,6 20,9 42 
197,1 14 10,4 11,7 25,5 
153,3 49,4 30,4 28,5 -25,9 
175,1 0,3 72,9 36,3 -17,5 
161 5,8 84 16,1 15,7 
254,3 46,9 35,2 17,5 -49,3 
227,2 13,9 37,3 46,7 23,6 
219,5 70,2 42,9 31,7 -14,5 
182,1 59,7 26,7 42,7 57,5 
137,6 16,8 37,2 3,8 29,6 
215,8 66,4 19 14,2 3,7 
222,7 4,2 3,5 67,8 41,6 
159,7 10 3,5 59,3 -14,1 
224,6 26,5 23,4 22,1 -49 
154,8 49,7 34,6 4,8 54,9 
152,3 26,8 47,6 12,5 -59,8 
189,8 9,5 19,8 41,3 75,3 
151,4 60,9 6,6 48,3 19,8 
246,5 71,6 6,1 6,9 0,1 
230,7 58,3 27,6 0,3 11,1 
202,2 31,4 20,8 71,9 -58,1 
209,4 50,7 40,5 1,6 72,3 
194,6 4,4 7,9 31,3 -28,6 
242,6 18,4 15,4 6 -17,1 
187,2 10,7 73 49,2 -41,7 
176,4 10,9 73,7 7,6 10,7 
243,1 17,5 5,8 53,2 44,3 
241,9 5,3 64,3 13,8 -3,1 
275,1 9,9 4,1 20,4 22,8 
26,3 157,5 73,9 36,1 -20,8 
30,3 191,8 19,6 30,9 27,7 
45,8 209,2 20,3 81,6 -17 
34,2 234,6 3,6 85,4 10,9 
33,2 212,4 66,6 12,3 11,9 
7,8 117,6 31,5 19 -17,3 
4,3 222,2 53 46,7 2,1 
13,5 205,3 32,3 27,8 -0,7 
50,8 198 3,4 7 -83,9 
60,9 166,9 30,3 14 -0,2 
22 137,1 14,7 58,3 24,5 
44 257,3 30 45,3 -4,9 
1,1 153,1 29,1 28,2 -33,5 
20,3 179,8 72,2 0,6 33,2 
58,1 196 45,3 47,7 -18 
50,6 152,8 55,8 7,6 -37,4 
0,9 127,3 35 22,3 29,3 
21,8 195,8 37,1 46,1 61,5 
43,5 259,4 22,2 48,9 22,6 
2 134,2 9,2 66 -1,4 
22,1 269,4 43,8 48,5 9,1 
6,5 233 75,3 10,6 47 
18,5 271,6 5,5 6,5 -40,3 
70,7 153,8 24,9 27,8 -27,1 
0,1 201,7 55,1 6 75,9 
62,4 230,2 5,9 61,4 -26,2 
50,7 234,9 20,4 67,3 5,3 
42,3 232,8 26,7 8,3 -42,8 
37,3 212,8 9,1 53,9 -26,8 
28,3 183,4 86,2 6,6 -25,4 
27,3 200,6 34 17 1,7 
11 163,9 46,8 32,1 -11,8 
14,7 196,6 7 46,4 -60,3 
6,8 171,1 21,3 21,3 -79,8 
68,2 238,5 48,1 0,9 3,9 
60,9 221,4 73,5 20,2 -4,1 
2,3 209,7 42,6 16,8 -74,3 
19,9 192,2 73,8 0,5 -9,4 
16,4 163,7 8,4 60,6 -56,6 
49,4 220,9 37,9 25,4 -38,1 
14,8 254,2 2,3 31,3 -4,9 
55,9 249,3 23,4 27,7 -23,1 
39 178,1 40,3 3,4 13,5 
15,8 278,2 42 39,8 15,4 
7 225,2 56,7 47,7 51 
49,4 213,6 8,8 35,7 26 
50,5 133,5 8,7 29,4 -15,8 
24,9 231 44,1 33,4 50,5 
1 234,2 55,3 17,3 32,7 
8,2 232,3 13,9 20,9 -58,1 
12,5 55,1 168,6 62,5 8,7 
22,5 6,8 229,1 3,6 10,1 
50,9 9,4 167,1 3 -52,1 
21,4 73,7 185,1 38,6 17,4 
35,4 16,2 236,7 45,6 13,3 
15,6 42,2 239,9 63,9 -25 
7,2 65,7 182 51,8 -38,4 
41,8 33,3 164,7 23,6 -68,5 
65,3 32,5 204,3 4,1 -66,1 
9,4 2,7 152,7 70 28,4 
52,2 4,5 193,1 21,6 69,9 
40,2 19,5 190,3 79,9 27,7 
6,6 49,3 163,5 52,7 -6,4 
55,1 44,8 200,3 34,8 36,7 
7,1 44,5 198,8 61,6 2,7 
48 39,5 247,7 18,7 -30,9 
55,4 1,6 202,9 17,4 8,3 
18,3 46,5 227,9 20,5 -39,5 
39,8 7,9 207,8 87,8 13,4 
33,6 51,9 218,6 32,6 17,6 
86,7 16,2 179,4 2,2 1,4 
35,8 80 236,2 3,6 -6,2 
57,2 79,1 213,9 7,1 -4,7 
56,7 26,2 192 29,1 -53,6 
24,8 7,2 186,1 3,7 -3,1 
6 2,9 187 6,5 50,2 
34,6 52,7 217,3 11,1 -62,4 
40,1 69,5 171,3 16,9 45,6 
22 9,7 132,1 48,8 -43,1 
71,9 19,4 172,2 34,2 -0,9 
76,7 14 170,4 14,2 -7,2 
53,1 9,5 164,7 32,9 -13,2 
18 62,1 179,1 0,6 37,1 
11,4 40,6 192,2 33,9 -65,4 
32,4 14,2 218,8 45,8 -23,9 
25,2 69,3 195,8 19,5 55,3 
48,7 60,6 211,6 0,4 -42,2 
1,2 51,5 142,4 39,1 37,6 
2,3 7,4 182,9 0,7 45,5 
24,1 11,5 133,9 25,5 -7,1 
53,2 45,5 234,4 20,7 -17 
24,4 32,5 173,2 14,5 57,1 
8,5 66 198,6 59 17 
12,8 26,6 254,4 18,4 53,9 
10,2 43,7 146,1 11,3 -65,1 
59,2 36,2 232,8 0,1 -60,3 
16,6 23,9 164,5 8,9 -3,1 
26,7 7,7 151 29,8 -25 
9,5 59,5 160,4 26,3 -34,2 
25,2 28,5 224,3 51,9 60,6 
28,6 80,1 22,4 211,2 -25,2 
39,5 22,1 64,2 196,7 59,4 
19,2 3,4 10,9 253,2 -59,7 
8,5 11 39,7 241,9 46,7 
1,5 7,7 45,5 217,3 -46,3 
16 24,2 71 196,6 -47,2 
13,6 45,5 1,2 242,3 -20,7 
10,4 33,1 47 169,5 -1,1 
39,9 25,6 28 166,9 32 
73,8 24 11,1 187,8 36,3 
79,2 15,2 20,9 151,5 -3,5 
33,8 21,1 21 240,5 -19 
29,7 37,2 14,3 180,8 19,1 
24 54,7 57,7 181,8 -1 
32,6 70,9 5,1 230,4 17,1 
17,7 18,7 54,9 172,2 -16 
10,3 86,8 1,5 228,8 -7,9 
19,9 60,9 15,8 250,9 -36 
44,2 1,7 37,8 195,8 -56,7 
1,9 50,3 63,5 178,3 29,3 
2,8 33,6 47 168,6 -73 
22,9 66,8 2,4 253,4 -30,4 
12,4 20,6 25,4 157,7 -14,9 
74,2 4,9 41,7 160,3 -6,8 
20,5 23,3 21,3 172,1 -84,4 
16,9 69 48,6 243,8 1,5 
20,7 36,5 0,2 179,3 -81,9 
61,2 11,7 8,3 135 -31,6 
42,7 15,4 14,8 235,6 21,6 
6 26,1 23,5 171,6 -12,3 
52,8 2,7 23,7 151,3 58,3 
66,4 0 17,1 179 -3,6 
36,8 15 30,8 165,3 11,1 
14,6 2,7 53,1 255,5 14,8 
67,2 3,4 35,7 209,5 20,2 
30,9 42,4 46,8 253,8 31,3 
20 15,2 35,1 248,6 -9,3 
40,2 35,1 14,8 258 48,9 
61,4 56,2 35 196,5 26,4 
20 21,2 33,9 230,3 82,6 
24,8 20,9 73,5 180,1 -22,5 
12,4 64,1 0 175,7 47,9 
45 57,5 52,1 213,3 -10,7 
8,9 37,3 36,7 197,3 49,8 
44,3 33,3 54,1 218 -25,7 
22 4,6 2,8 238,2 34,7 
55,5 33,1 43,3 223,8 -1,2 
2,7 14,6 69,8 142,8 20,2 
51,9 22,6 9,5 251,2 19,6 
2,7 36,6 25,9 129,6 43,7 
